843 129 65 902 441 77 313 588 404 221 56 710 305 927 12 846 134 686 90 57
733 511 178 920 602 492 333 101 764 847 298 67 219 784 15 968 431 258 394 629
501 820 246 119 640 71 982 503 14 355 731 82 573 448 226 618 703 927 389 264
834 510 90 312 532 754 101 263 905 776 147 693 350 129 805 403 551 702 411 88
694 37 285 916 560 401 738 296 274 652 407 163 860 134 955 21 500 322 741 609
87 940 631 229 410 364 557 99 875 230 444 111 943 618 531 24 785 52 375 919
468 690 812 56 707 482 190 621 477 37 958 244 530 91 867 628 734 195 504 727
398 287 13 623 142 915 202 787 466 51 341 894 432 305 622 191 705 974 617 308
78 749 103 820 467 139 701 325 563 915 444 283 670 192 582 318 473 264 947 52
691 266 497 533 714 359 120 604 85 769 233 363 801 416 730 203 682 932 57 498
793 622 113 540 217 745 909 453 390 252 987 415 163 342 609 434 674 139 371 208
593 866 140 920 300 717 26 673 458 184 768 237 912 348 620 57 149 931 774 264
661 38 482 743 151 807 490 200 658 100 923 469 741 230 566 389 267 841 185 942
383 260 57 971 233 604 355 845 393 674 225 510 703 95 728 103 633 489 574 611
556 820 284 761 47 905 223 642 398 176 607 215 352 667 59 330 428 619 817 450
965 83 788 300 531 682 41 573 297 811 906 349 126 513 640 225 322 860 21 778
584 162 991 408 54 716 495 178 699 357 540 128 873 224 335 937 269 118 430 758
699 87 312 675 284 548 811 257 690 444 901 322 57 289 102 844 603 473 712 980
417 256 679 560 318 207 863 199 642 937 174 732 557 103 645 221 357 809 941 366
719 822 147 536 240 661 418 823 354 119 555 268 908 784 611 93 220 456 334 777
663 903 527 187 714 495 231 678 801 156 510 600 294 861 350 474 909 57 987 473
86 671 266 423 709 592 316 145 705 412 973 67 881 174 563 631 299 791 450 28
507 332 661 375 524 919 187 715 400 504 689 260 841 140 37 578 459 127 900 318
556 275 846 62 413 170 295 438 998 640 200 719 202 569 470 341 751 267 903 141
426 319 573 484 392 931 495 672 382 109 704 569 828 455 367 318 111 945 719 274
277 656 491 804 165 579 93 913 444 157 631 242 530 284 908 366 471 735 822 14
690 402 118 880 321 493 171 274 685 788 264 439 611 577 300 941 557 783 201 59
841 260 766 455 317 697 223 504 685 268 912 743 182 521 944 389 300 759 664 178
883 29 110 748 553 224 933 614 799 672 499 799 413 205 324 978 366 491 112 858
397 690 144 788 425 558 392 175 364 611 329 746 988 271 33 700 254 993 640 212
844 177 663 295 733 991 457 402 535 118 774 64 286 615 779 222 891 540 111 629
14 457 733 266 590 344 668 221 877 309 744 573 691 324 157 407 228 572 958 687
720 363 630 421 556 881 327 518 794 669 53 174 903 611 280 743 140 572 866 350
77 947 634 208 510 887 468 271 605 189 711 933 100 382 563 790 667 278 514 849
934 113 682 43 719 205 643 721 404 517 993 448 316 580 160 798 278 146 965 630
902 491 67 554 129 459 409 751 337 488 210 827 328 572 614 240 356 499 867 684
